-1.6532580169703934 -1.330174588664715 0.9060148543813975 -1.725960238144264 1.3625727094571891 -1.5466330314835999 2.678350796768526 -1.1642695152645581 0.5032569608304895 2.199974721012154 
2.1120008693754797 -2.072308175317298 2.214967017783834 1.1421555609125738 -3.46917514314611 1.2228478050481182 -1.5158635423616524 1.3630202439972487 0.2606603648144052 -1.9987864922614775 
-2.3834582167043346 3.0323022071576253 -1.4607774544618533 0.5553121165106422 1.9273027029474545 -0.8452867629852698 0.07684861043678226 -0.5450780842009434 1.4581666281040937 0.5382753857868191 
0.24606806399622594 0.6662037837376552 -0.19363322741521607 -1.289860031002228 3.944747789947521 0.4092662695003654 1.5507514818938495 -1.690945476136189 -1.0888625815113444 0.5516467373209958 
-6.246663121583836 6.606520835893149 -0.48570046086122676 -0.5111560972235609 -1.2018385891668288 0.3565855407179564 0.44362864030871885 -0.4964008405740902 -1.29697786380172 2.062312248557145 
-1.0009184856625892 -0.5411484150132738 -0.9183258237067363 -0.7149708963869195 2.8539205685910747 -0.07576547808186265 0.08493572756482719 -0.5607784504193921 2.6384825740248625 -0.33473921037849 
0.05791414064791401 2.687076051064284 -1.270857841680019 -0.38482051852531746 -1.4344391382170487 -0.6378712617216546 -1.4148565775001987 1.044716578733473 -1.2222457292455609 -1.1453461559683604 
2.0928320670579863 -1.5690994830419818 -0.008813171382223484 0.6240635031571329 -0.7763375668888907 0.6831840834967107 -1.3754752251035223 -0.5727495207279297 2.3177685928052574 -0.9231165587470733 
1.4781170333773683 -1.151514637931249 1.6192547212308006 1.105152871608055 -0.44712234984249366 0.4123820384067316 -0.6131068569231457 -0.6437093236937544 -0.6112581414587467 -0.7108816157801446 
0.9934891272971035 -1.6091793459666162 0.012341848652625945 0.8212632395588341 -1.0212201422127343 0.7458609487970418 -0.5215694713633026 -0.6968164076378806 -0.6614970798604454 -0.8808982169235465 
